function y = dolby_pq_eotf(x)
    %constants
    m1=2610/4096*1/4;
    m2=2523/4096*128;
    c1=3424/4096;
    c2=2413/4096*32;
    c3=2392/4096*32;
    y = ((x.^(1./m2)-c1)./(c2-c3*x.^(1/m2))).^(1/m1);
end


